hu;tracking;hu_externa;patrimonio;lote;sif;ca;serie;item;descricao;posicao;endereco;cod_grupo;nome_grupo;quantidade;reservado;saldo;embalagem;data;empresa;unid_medida;fator_cubagem;ean;id;bloqueio_nome;bloqueio_descricao;nf_entrada_numero;nf_entrada_serie;depositante_cnpj;depositante_nome;depositante_grupo;depositante_franquia;data_vcto;dot;peso_liquido_total;peso_bruto_total;valor_unitario;valor_total;data_fab
1347832;;="";;;;;;"CON004";"CON UHF MAC RETO 1/2 FLEX";137758;"PCM-9";"Consumiveis";"Consumiveis";1,00000;0,00000;1,00000;"EMB";20/03/2024;692006;un;1,00;SEM GTIN;18778123;;;1;1;"29884632000813";INFOTEC;;;;2421;1;1;="1,0000000000";1;
1347833;;="";;;;;;"CON006";"CON N FEM RETO RG58";137758;"PCM-9";"Consumiveis";"Consumiveis";1,00000;0,00000;1,00000;"EMB";20/03/2024;692006;un;1,00;SEM GTIN;18778125;;;40061;2;"29884632000813";INFOTEC;;;;2434;1;1;="16,0000000000";16;
1347835;;="";;;;;;"CON012";"CON N MAC RETO LMR600";137758;"PCM-9";"Consumiveis";"Consumiveis";1,00000;0,00000;1,00000;"EMB";20/03/2024;692006;un;1,00;SEM GTIN;18778131;;;;1;"29884632000813";;;;;2445;1;1;="";;
1347840;;="";;;;;;"CON019";"CON  N FEM RETO RG213";137758;"PCM-9";"Consumiveis";"Consumiveis";1,00000;0,00000;1,00000;"EMB";20/03/2024;692006;un;1,00;SEM GTIN;18778138;;;;2;"29884632000813";;;;;2445;1;1;="";;
1347845;;="";;;;;;"CON026";"CON N MAC RETO CELLFLEX 7/8";137758;"PCM-9";"Consumiveis";"Consumiveis";1,00000;0,00000;1,00000;"EMB";20/03/2024;692006;un;1,00;SEM GTIN;18778145;;;40061;2;"29884632000813";INFOTEC;;;;2434;1;1;="80,0000000000";80;
1347848;;="";;;;;;"CON029";"CONECTOR RJ45 CAT5E MACHO";137758;"PCM-9";"Consumiveis";"Consumiveis";1,00000;0,00000;1,00000;"EMB";20/03/2024;692006;un;1,00;SEM GTIN;18778148;;;1;1;"29884632000813";INFOTEC;;;;2421;1;1;="1,0000000000";1;
1347849;;="";;;;;;"CON030";"CON RJ45 CAT5E MACHO BLINDADO";137758;"PCM-9";"Consumiveis";"Consumiveis";1,00000;0,00000;1,00000;"EMB";20/03/2024;692006;un;1,00;SEM GTIN;18778149;;;;1;"29884632000813";;;;;2445;1;1;="";;
1347850;;="";;;;;;"CON031";"CONECTOR RJ45 CAT6 FEMEA";137758;"PCM-9";"Consumiveis";"Consumiveis";1,00000;0,00000;1,00000;"EMB";20/03/2024;692006;un;1,00;SEM GTIN;18778150;;;3099;1;"29884632000813";;;;;2445;1;1;="";;
1347851;;="";;;;;;"CON032";"CONECTOR RJ45 CAT6 FEMEA BLINDADO";137758;"PCM-9";"Consumiveis";"Consumiveis";1,00000;0,00000;1,00000;"EMB";20/03/2024;692006;un;1,00;SEM GTIN;18778151;;;;1;"29884632000813";;;;;2445;1;1;="";;
1347852;;="";;;;;;"CON033";"CONECTOR RJ45 CAT6 MACHO";137758;"PCM-9";"Consumiveis";"Consumiveis";1,00000;0,00000;1,00000;"EMB";20/03/2024;692006;un;1,00;SEM GTIN;18778152;;;;1;"29884632000813";;;;;2445;1;1;="";;
1347853;;="";;;;;;"CON034";"CONECTOR RJ45 CAT6 MACHO BLINDADO";137758;"PCM-9";"Consumiveis";"Consumiveis";1,00000;0,00000;1,00000;"EMB";20/03/2024;692006;un;1,00;SEM GTIN;18778153;;;;1;"29884632000813";;;;;2445;1;1;="";;
1347856;;="";;;;;;"CON038";"CON BNC 75 OHMS MACHO RETO RG59";137758;"PCM-9";"Consumiveis";"Consumiveis";1,00000;0,00000;1,00000;"EMB";20/03/2024;692006;un;1,00;SEM GTIN;18778157;;;40061;2;"29884632000813";INFOTEC;;;;2434;1;1;="";;
1347857;;="";;;;;;"CON039";"SPLITTER TV (DIVISOR DE SINAL) 1X3";137758;"PCM-9";"Consumiveis";"Consumiveis";1,00000;0,00000;1,00000;"EMB";20/03/2024;692006;un;1,00;SEM GTIN;18778158;;;;1;"29884632000813";;;;;2445;1;1;="";;
1347858;;="";;;;;;"CON040";"SPLITTER TV (DIVISOR DE SINAL) 1X4";137758;"PCM-9";"Consumiveis";"Consumiveis";1,00000;0,00000;1,00000;"EMB";20/03/2024;692006;un;1,00;SEM GTIN;18778159;;;47811;1;"29884632000813";;;;;2445;1;1;="";;
1347859;;="";;;;;;"CON041";"FUSIVEL 3 A";137758;"PCM-9";"Consumiveis";"Consumiveis";1,00000;0,00000;1,00000;"EMB";20/03/2024;692006;un;1,00;SEM GTIN;18778160;;;;1;"29884632000813";;;;;2445;1;1;="";;
1347860;;="";;;;;;"CON042";"KIT PORCA GAIOLA C/PARAFUSO - 10 Porcas - 10 Parafusos";137758;"PCM-9";"Consumiveis";"Consumiveis";1,00000;0,00000;1,00000;"EMB";20/03/2024;692006;un;1,00;SEM GTIN;18778161;;;;1;"29884632000813";;;;;2445;1;1;="";;
1347863;;="";;;;;;"CON046";"CABO CONFIGURAÇÃO IMPRESSORA";137758;"PCM-9";"Consumiveis";"Consumiveis";1,00000;0,00000;1,00000;"EMB";20/03/2024;692006;un;1,00;SEM GTIN;18778165;;;;1;"29884632000813";;;;;2445;1;1;="";;
1347864;;="";;;;;;"CON047";"CABO CONVERÇÃO HDMI PARA VGA";137758;"PCM-9";"Consumiveis";"Consumiveis";1,00000;0,00000;1,00000;"EMB";20/03/2024;692006;un;1,00;SEM GTIN;18778166;;;;1;"29884632000813";;;;;2445;1;1;="";;
1347865;;="";;;;;;"CON048";"CABO CONFIGURAÇÃO USB x RS232";137758;"PCM-9";"Consumiveis";"Consumiveis";1,00000;0,00000;1,00000;"EMB";20/03/2024;692006;un;1,00;SEM GTIN;18778167;;;414;1;"29884632000813";INFOTEC;;;;2430;1;1;="37,0000000000";37;
1347866;;="";;;;;;"CON049";"CABO CONFIGURAÇÃO RS232 - DB9F x RJ45";137758;"PCM-9";"Consumiveis";"Consumiveis";1,00000;0,00000;1,00000;"EMB";20/03/2024;692006;un;1,00;SEM GTIN;18778168;;;1;1;"29884632000813";INFOTEC;;;;2421;1;1;="1,0000000000";1;
1347867;;="";;;;;;"CON050";"CABO CONFIGURAÇÃO PY2PCB - 4147";137758;"PCM-9";"Consumiveis";"Consumiveis";1,00000;0,00000;1,00000;"EMB";20/03/2024;692006;un;1,00;SEM GTIN;18778169;;;;1;"29884632000813";;;;;2445;1;1;="";;
1347868;;="";;;;;;"CON051";"CABO CONFIGURAÇÃO PY2PCB - 4083C";137758;"PCM-9";"Consumiveis";"Consumiveis";1,00000;0,00000;1,00000;"EMB";20/03/2024;692006;un;1,00;SEM GTIN;18778170;;;;1;"29884632000813";;;;;2445;1;1;="";;
1347869;;="";;;;;;"CON052";"CABO CONFIGURAÇÃO PY2PCB - 1529R";137758;"PCM-9";"Consumiveis";"Consumiveis";1,00000;0,00000;1,00000;"EMB";20/03/2024;692006;un;1,00;SEM GTIN;18778171;;;;1;"29884632000813";;;;;2445;1;1;="";;
1347870;;="";;;;;;"CON053";"CABO CONFIGURAÇÃO CISCO A6 - USB x RJ45";137758;"PCM-9";"Consumiveis";"Consumiveis";1,00000;0,00000;1,00000;"EMB";20/03/2024;692006;un;1,00;SEM GTIN;18778172;;;;1;"29884632000813";;;;;2445;1;1;="";;
1347871;;="";;;;;;"CON054";"CABO CONFIGURAÇÃO CISCO A6 - DB9F x RJ45";137758;"PCM-9";"Consumiveis";"Consumiveis";1,00000;0,00000;1,00000;"EMB";20/03/2024;692006;un;1,00;SEM GTIN;18778173;;;990;1;"29884632000813";;;;;2445;1;1;="";;
1347872;;="";;;;;;"CON055";"CABO EXTENSOR  DB9F x DB9F";137758;"PCM-9";"Consumiveis";"Consumiveis";1,00000;0,00000;1,00000;"EMB";20/03/2024;692006;un;1,00;SEM GTIN;18778174;;;1;1;"29884632000813";INFOTEC;;;;2421;1;1;="1,0000000000";1;
1347873;;="";;;;;;"CON056";"CABO HDMI 2M";137758;"PCM-9";"Consumiveis";"Consumiveis";1,00000;0,00000;1,00000;"EMB";20/03/2024;692006;un;1,00;SEM GTIN;18778175;;;;1;"29884632000813";;;;;2445;1;1;="";;
1347874;;="";;;;;;"CON057";"CABO NORMATEL PY2PCB AL2011013 - E6";137758;"PCM-9";"Consumiveis";"Consumiveis";1,00000;0,00000;1,00000;"EMB";20/03/2024;692006;un;1,00;SEM GTIN;18778176;;;;1;"29884632000813";;;;;2445;1;1;="";;
1347875;;="";;;;;;"CON058";"CABO CONFIGURAÇÃO HYTERA PC38";137758;"PCM-9";"Consumiveis";"Consumiveis";1,00000;0,00000;1,00000;"EMB";20/03/2024;692006;un;1,00;SEM GTIN;18778177;;;;1;"29884632000813";;;;;2445;1;1;="";;
1347876;;="";;;;;;"CON059";"CABO CONFIGURAÇÃO HYTERA PC37";137758;"PCM-9";"Consumiveis";"Consumiveis";1,00000;0,00000;1,00000;"EMB";20/03/2024;692006;un;1,00;SEM GTIN;18778178;;;;1;"29884632000813";;;;;2445;1;1;="";;
1347878;;="";;;;;;"CON063";"CABO PROGRAMAÇÃO DGP 4012C";137758;"PCM-9";"Consumiveis";"Consumiveis";1,00000;0,00000;1,00000;"EMB";20/03/2024;692006;un;1,00;SEM GTIN;18778182;;;;1;"29884632000813";;;;;2445;1;1;="";;
1347880;;="";;;;;;"CON065";"FITA ISOLANTE PVC";137758;"PCM-9";"Consumiveis";"Consumiveis";1,00000;0,00000;1,00000;"EMB";20/03/2024;692006;un;1,00;SEM GTIN;18778184;;;51;1;"29884632000813";;;;;2445;1;1;="";;
1347884;;="";;;;;;"CON069";"TUBETE FIBRA OPTICA - 50UN";137758;"PCM-9";"Consumiveis";"Consumiveis";1,00000;0,00000;1,00000;"EMB";20/03/2024;692006;PCT;1,00;SEM GTIN;18778188;;;;1;"29884632000813";;;;;2445;1;1;="";;
1347886;;="";;;;;;"CON071";"BATERIA 9V";137758;"PCM-9";"Consumiveis";"Consumiveis";1,00000;0,00000;1,00000;"EMB";20/03/2024;692006;un;1,00;SEM GTIN;18778190;;;;3;"29884632000813";;;;;2445;1;1;="";;
1347887;;="";;;;;;"CON072";"ALCOOL ISOPROPILICO 1L";137758;"PCM-9";"Consumiveis";"Consumiveis";1,00000;0,00000;1,00000;"EMB";20/03/2024;692006;un;1,00;SEM GTIN;18778191;;;;1;"29884632000813";;;;;2445;1;1;="";;
1347888;;="";;;;;;"CON110";"CABO DE FORÇA P/ MONITOR - 1.5M";137758;"PCM-9";"Consumiveis";"Consumiveis";1,00000;0,00000;1,00000;"EMB";20/03/2024;692006;un;1,00;SEM GTIN;18777927;;;;1;"29884632000813";;;;;2445;1;1;="";;
1347889;;="";;;;;;"CON111";"CON BNC 50 OHMS MACHO RETO RG59";137758;"PCM-9";"Consumiveis";"Consumiveis";1,00000;0,00000;1,00000;"EMB";20/03/2024;692006;un;1,00;SEM GTIN;18777928;;;1;1;"29884632000813";INFOTEC;;;;2421;1;1;="1,0000000000";1;
1347890;;="";;;;;;"CON112";"CON FEMEA P/ CABO DE FORÇA";137758;"PCM-9";"Consumiveis";"Consumiveis";1,00000;0,00000;1,00000;"EMB";20/03/2024;692006;un;1,00;SEM GTIN;18777929;;;;1;"29884632000813";;;;;2445;1;1;="";;
1347891;;="";;;;;;"CON113";"CON SAK 2.5 - 50 UND";137758;"PCM-9";"Consumiveis";"Consumiveis";1,00000;0,00000;1,00000;"EMB";20/03/2024;692006;un;1,00;SEM GTIN;18777930;;;;1;"29884632000813";;;;;2445;1;1;="";;
1347892;;="";;;;;;"CON131";"DESENGRIPANTE";137758;"PCM-9";"Consumiveis";"Consumiveis";1,00000;0,00000;1,00000;"EMB";20/03/2024;692006;un;1,00;SEM GTIN;18777948;;;18683;1;"29884632000813";;;;;2445;1;1;="";;
1347893;;="";;;;;;"CON133";"FITA ADESIVA P/ EMBALAGEM";137758;"PCM-9";"Consumiveis";"Consumiveis";1,00000;0,00000;1,00000;"EMB";20/03/2024;692006;un;1,00;SEM GTIN;18777950;;;124835;1;"29884632000813";;;;;2445;1;1;="";;
1347894;;="";;;;;;"CON134";"FITA AUTO FUSÃO";137758;"PCM-9";"Consumiveis";"Consumiveis";1,00000;0,00000;1,00000;"EMB";20/03/2024;692006;un;1,00;SEM GTIN;18777951;;;;1;"29884632000813";;;;;2445;1;1;="";;
1347895;;="";;;;;;"CON135";"FITA CREPE LARGA 48mm";137758;"PCM-9";"Consumiveis";"Consumiveis";1,00000;0,00000;1,00000;"EMB";20/03/2024;692006;un;1,00;SEM GTIN;18777952;;;1;1;"29884632000813";INFOTEC;;;;2421;1;1;="1,0000000000";1;
1347896;;="";;;;;;"CON136";"FITA DUPLA FACE 25mm 20M";137758;"PCM-9";"Consumiveis";"Consumiveis";1,00000;0,00000;1,00000;"EMB";20/03/2024;692006;un;1,00;SEM GTIN;18777953;;;;1;"29884632000813";;;;;2445;1;1;="";;
1347899;;="";;;;;;"CON142";"LIMPA CONTATO";137758;"PCM-9";"Consumiveis";"Consumiveis";1,00000;0,00000;1,00000;"EMB";20/03/2024;692006;un;1,00;SEM GTIN;18777959;;;;1;"29884632000813";;;;;2445;1;1;="";;
1347904;;="";;;;;;"CON153";"SILICONE ACÉTICO TRANSPARENTE";137758;"PCM-9";"Consumiveis";"Consumiveis";1,00000;0,00000;1,00000;"EMB";20/03/2024;692006;un;1,00;SEM GTIN;18777970;;;51;1;"29884632000813";;;;;2445;1;1;="";;
1347905;;="";;;;;;"CON154";"SOLDA ESTANHO";137758;"PCM-9";"Consumiveis";"Consumiveis";1,00000;0,00000;1,00000;"EMB";20/03/2024;692006;un;1,00;SEM GTIN;18777971;;;8;1;"29884632000813";;;;;2445;1;1;="";;
1347906;;="";;;;;;"CON156";"TERMINAL ELÉTRICO TUBULAR DIVERSOS - 1200 UNDS";137758;"PCM-9";"Consumiveis";"Consumiveis";1,00000;0,00000;1,00000;"EMB";20/03/2024;692006;un;1,00;SEM GTIN;18777973;;;;1;"29884632000813";;;;;2445;1;1;="";;
1347907;;="";;;;;;"CON157";"TOMADA RJ45 SOBREPOR";137758;"PCM-9";"Consumiveis";"Consumiveis";1,00000;0,00000;1,00000;"EMB";20/03/2024;692006;un;1,00;SEM GTIN;18777974;;;3115;1;"29884632000813";;;;;2445;1;1;="";;
1347909;;="";;;;;;"CON159";"VELCRO PARA CABO";137758;"PCM-9";"Consumiveis";"Consumiveis";1,00000;0,00000;1,00000;"EMB";20/03/2024;692006;un;1,00;SEM GTIN;18777976;;;591591;1;"29884632000813";;;;;2445;1;1;="";;
1347912;;="";;;;;;"ESS01";"CINTURÃO DE SEGURANÇA PARAQUEDISTA - CA VÁLIDO";137758;"PCM-9";"Essenciais";"Essenciais";1,00000;0,00000;1,00000;"EMB";20/03/2024;692006;un;1,00;SEM GTIN;18777986;;;1;1;"29884632000813";INFOTEC;;;;2421;1;1;="1,0000000000";1;
1347914;;="";;;;;;"ESS03";"TALABARTE DE POSICIONAMENTO EM CORDA";137758;"PCM-9";"Essenciais";"Essenciais";1,00000;0,00000;1,00000;"EMB";20/03/2024;692006;un;1,00;SEM GTIN;18777988;;;1;1;"29884632000813";INFOTEC;;;;2421;1;1;="1,0000000000";1;
1347915;;="";;;;;;"ESS04";"TALABARTE EM Y COM ABSORVEDOR DE ENERGIA";137758;"PCM-9";"Essenciais";"Essenciais";1,00000;0,00000;1,00000;"EMB";20/03/2024;692006;un;1,00;SEM GTIN;18777989;;;1;1;"29884632000813";INFOTEC;;;;2421;1;1;="1,0000000000";1;
1347916;;="";;;;;;"ESS06";"KIT IRATA 05";137758;"PCM-9";"Essenciais";"Essenciais";1,00000;0,00000;1,00000;"EMB";20/03/2024;692006;un;1,00;SEM GTIN;18777991;;;1;1;"29884632000813";INFOTEC;;;;2421;1;1;="1,0000000000";1;
1347917;;="";;;;;;"FER01";"CHAVE FENDA SIMPLES 1/2x12mm";137758;"PCM-9";"Ferramentas";"Ferramentas";1,00000;0,00000;1,00000;"EMB";20/03/2024;692006;un;1,00;SEM GTIN;18777996;;;;0;"29884632000813";;;;;2445;1;1;="";;
1347918;;="";;;;;;"FER02";"CHAVE DE FENDA ISOLADA 3/8x8mm";137758;"PCM-9";"Ferramentas";"Ferramentas";1,00000;0,00000;1,00000;"EMB";20/03/2024;692006;un;1,00;SEM GTIN;18777997;;;820305;1;"29884632000813";;;;;2445;1;1;="";;
1347919;;="";;;;;;"FER03";"CHAVE DE FENDA 1/4x8mm";137758;"PCM-9";"Ferramentas";"Ferramentas";1,00000;0,00000;1,00000;"EMB";20/03/2024;692006;un;1,00;SEM GTIN;18777998;;;;0;"29884632000813";;;;;2445;1;1;="";;
1347920;;="";;;;;;"FER05";"CHAVE DE FENDA 1/8x3mm";137758;"PCM-9";"Ferramentas";"Ferramentas";1,00000;0,00000;1,00000;"EMB";20/03/2024;692006;un;1,00;SEM GTIN;18778000;;;;0;"29884632000813";;;;;2445;1;1;="";;
1347923;;="";;;;;;"FER09";"CHAVE DE FENDA ISOLADA 1/4x4mm";137758;"PCM-9";"Ferramentas";"Ferramentas";1,00000;0,00000;1,00000;"EMB";20/03/2024;692006;un;1,00;SEM GTIN;18778004;;;5;1;"29884632000813";;;;;2445;1;1;="";;
1347925;;="";;;;;;"FER11";"CHAVE DE FENDA 1/4x5mm";137758;"PCM-9";"Ferramentas";"Ferramentas";1,00000;0,00000;1,00000;"EMB";20/03/2024;692006;un;1,00;SEM GTIN;18778006;;;;0;"29884632000813";;;;;2445;1;1;="";;
1347926;;="";;;;;;"FER12";"CHAVE PHILIPS 1/4x5mm";137758;"PCM-9";"Ferramentas";"Ferramentas";1,00000;0,00000;1,00000;"EMB";20/03/2024;692006;un;1,00;SEM GTIN;18778007;;;867143;1;"29884632000813";INFOTEC;;;;2436;1;1;="9,0000000000";9;
1347927;;="";;;;;;"FER13";"CHAVE PHILIPS ISOLADA 3/16x4mm";137758;"PCM-9";"Ferramentas";"Ferramentas";1,00000;0,00000;1,00000;"EMB";20/03/2024;692006;un;1,00;SEM GTIN;18778008;;;;3;"29884632000813";;;;;2445;1;1;="";;
1347928;;="";;;;;;"FER14";"CHAVE PHILIPS ISOLADA 1/8x4mm";137758;"PCM-9";"Ferramentas";"Ferramentas";1,00000;0,00000;1,00000;"EMB";20/03/2024;692006;un;1,00;SEM GTIN;18778009;;;557188;1;"29884632000813";INFOTEC;;;;2436;1;1;="10,0000000000";10;
1347929;;="";;;;;;"FER15";"CHAVE L FIXA 17mm";137758;"PCM-9";"Ferramentas";"Ferramentas";1,00000;0,00000;1,00000;"EMB";20/03/2024;692006;un;1,00;SEM GTIN;18778010;;;;1;"29884632000813";;;;;2445;1;1;="";;
1347930;;="";;;;;;"FER16";"CHAVE PHILIPS ISOLADA 1/8x3.1/8mm";137758;"PCM-9";"Ferramentas";"Ferramentas";1,00000;0,00000;1,00000;"EMB";20/03/2024;692006;un;1,00;SEM GTIN;18778011;;;179;1;"29884632000813";INFOTEC;;;;2436;1;1;="25,0000000000";25;
1347931;;="";;;;;;"FER17";"CHAVE DE FENDA ISOLADA 3/16x4mm";137758;"PCM-9";"Ferramentas";"Ferramentas";1,00000;0,00000;1,00000;"EMB";20/03/2024;692006;un;1,00;SEM GTIN;18778012;;;;3;"29884632000813";;;;;2445;1;1;="";;
1347932;;="";;;;;;"FER18";"CHAVE DE FENDA  1/8x6mm";137758;"PCM-9";"Ferramentas";"Ferramentas";1,00000;0,00000;1,00000;"EMB";20/03/2024;692006;un;1,00;SEM GTIN;18778013;;;5;1;"29884632000813";;;;;2445;1;1;="";;
1347933;;="";;;;;;"FER19";"CHAVE CANHÃO 11mm";137758;"PCM-9";"Ferramentas";"Ferramentas";1,00000;0,00000;1,00000;"EMB";20/03/2024;692006;un;1,00;SEM GTIN;18778014;;;5;1;"29884632000813";;;;;2445;1;1;="";;
1347934;;="";;;;;;"FER20";"FURADEIRA 110V - 220V";137758;"PCM-9";"Ferramentas";"Ferramentas";1,00000;0,00000;1,00000;"EMB";20/03/2024;692006;un;1,00;SEM GTIN;18778015;;;;1;"29884632000813";;;;;2445;1;1;="";;
1347935;;="";;;;;;"FER21";"LANTERNA LED";137758;"PCM-9";"Ferramentas";"Ferramentas";1,00000;0,00000;1,00000;"EMB";20/03/2024;692006;un;1,00;SEM GTIN;18778016;;;482449;3;"29884632000813";;;;;2445;1;1;="";;
1347936;;="";;;;;;"FER22";"TRENA 10M";137758;"PCM-9";"Ferramentas";"Ferramentas";1,00000;0,00000;1,00000;"EMB";20/03/2024;692006;un;1,00;SEM GTIN;18778017;;;5;1;"29884632000813";;;;;2445;1;1;="";;
1347937;;="";;;;;;"FER23";"ARCO DE SERRA";137758;"PCM-9";"Ferramentas";"Ferramentas";1,00000;0,00000;1,00000;"EMB";20/03/2024;692006;un;1,00;SEM GTIN;18778018;;;;1;"29884632000813";;;;;2445;1;1;="";;
1347939;;="";;;;;;"FER25";"EXTENSÃO 2,5mm - 10M";137758;"PCM-9";"Ferramentas";"Ferramentas";1,00000;0,00000;1,00000;"EMB";20/03/2024;692006;un;1,00;SEM GTIN;18778020;;;;1;"29884632000813";;;;;2445;1;1;="";;
1347940;;="";;;;;;"FER27";"SUGADOR DE SOLDA";137758;"PCM-9";"Ferramentas";"Ferramentas";1,00000;0,00000;1,00000;"EMB";20/03/2024;692006;un;1,00;SEM GTIN;18778022;;;5;1;"29884632000813";;;;;2445;1;1;="";;
1347941;;="";;;;;;"FER29";"CHAVE CANHÃO 12mm";137758;"PCM-9";"Ferramentas";"Ferramentas";1,00000;0,00000;1,00000;"EMB";20/03/2024;692006;un;1,00;SEM GTIN;18778024;;;5;1;"29884632000813";;;;;2445;1;1;="";;
1347943;;="";;;;;;"FER31";"JOGO CHAVE TORK L";137758;"PCM-9";"Ferramentas";"Ferramentas";1,00000;0,00000;1,00000;"EMB";20/03/2024;692006;un;1,00;SEM GTIN;18778026;;;;1;"29884632000813";;;;;2445;1;1;="";;
1347944;;="";;;;;;"FER32";"JOGO CHAVE CATRACA MINI -  40 PÇS";137758;"PCM-9";"Ferramentas";"Ferramentas";1,00000;0,00000;1,00000;"EMB";20/03/2024;692006;un;1,00;SEM GTIN;18778027;;;;1;"29884632000813";;;;;2445;1;1;="";;
1347945;;="";;;;;;"FER33";"JOGO CHAVE ALLEN L";137758;"PCM-9";"Ferramentas";"Ferramentas";1,00000;0,00000;1,00000;"EMB";20/03/2024;692006;un;1,00;SEM GTIN;18778028;;;5;1;"29884632000813";;;;;2445;1;1;="";;
1347946;;="";;;;;;"FER34";"ALICATE PRENSA TERMINAIS 0,5 - 6mm";137758;"PCM-9";"Ferramentas";"Ferramentas";1,00000;0,00000;1,00000;"EMB";20/03/2024;692006;un;1,00;SEM GTIN;18778029;;;;1;"29884632000813";;;;;2445;1;1;="";;
1347947;;="";;;;;;"FER36";"CHAVE PHILIPS ISOLADA 5/16x6mm";137758;"PCM-9";"Ferramentas";"Ferramentas";1,00000;0,00000;1,00000;"EMB";20/03/2024;692006;un;1,00;SEM GTIN;18778030;;;5;1;"29884632000813";;;;;2445;1;1;="";;
1347948;;="";;;;"";;"FER37";"PINÇA CORNETA";137758;"PCM-9";"Ferramentas";"Ferramentas";1,00000;0,00000;1,00000;"EMB";20/03/2024;692006;un;1,00;SEM GTIN;18778031;;;20;1;"29884632000813";;;;;2445;1;1;="";;
1347949;;="";;;;;;"FER38";"GUIA SERRA COPO";137758;"PCM-9";"Ferramentas";"Ferramentas";1,00000;0,00000;1,00000;"EMB";20/03/2024;692006;un;1,00;SEM GTIN;18778032;;;;1;"29884632000813";;;;;2445;1;1;="";;
1347951;;="";;;;;;"FER40";"CHAVE CANHÃO 8mm";137758;"PCM-9";"Ferramentas";"Ferramentas";1,00000;0,00000;1,00000;"EMB";20/03/2024;692006;un;1,00;SEM GTIN;18778034;;;5;1;"29884632000813";;;;;2445;1;1;="";;
1347952;;="";;;;;;"FER41";"CHAVE INGLESA 12";137758;"PCM-9";"Ferramentas";"Ferramentas";1,00000;0,00000;1,00000;"EMB";20/03/2024;692006;un;1,00;SEM GTIN;18778035;;;5;1;"29884632000813";;;;;2445;1;1;="";;
1347953;;="";;;;;;"FER42";"LIXADEIRA 110v - 220v";137758;"PCM-9";"Ferramentas";"Ferramentas";1,00000;0,00000;1,00000;"EMB";20/03/2024;692006;un;1,00;SEM GTIN;18778036;;;;1;"29884632000813";;;;;2445;1;1;="";;
1347954;;="";;;;;;"FER43";"CHAVE CANHÃO 10mm";137758;"PCM-9";"Ferramentas";"Ferramentas";1,00000;0,00000;1,00000;"EMB";20/03/2024;692006;un;1,00;SEM GTIN;18778037;;;5;1;"29884632000813";;;;;2445;1;1;="";;
1347955;;="";;;;;;"FER44";"CHAVE CANHÃO 6mm";137758;"PCM-9";"Ferramentas";"Ferramentas";1,00000;0,00000;1,00000;"EMB";20/03/2024;692006;un;1,00;SEM GTIN;18778038;;;;1;"29884632000813";;;;;2445;1;1;="";;
1347956;;="";;;;;;"FER45";"CHAVE INGLESA 6";137758;"PCM-9";"Ferramentas";"Ferramentas";1,00000;0,00000;1,00000;"EMB";20/03/2024;692006;un;1,00;SEM GTIN;18778039;;;;1;"29884632000813";;;;;2445;1;1;="";;
1347957;;="";;;;;;"FER46";"CHAVE INGLESA 8";137758;"PCM-9";"Ferramentas";"Ferramentas";1,00000;0,00000;1,00000;"EMB";20/03/2024;692006;un;1,00;SEM GTIN;18778040;;;557188;1;"29884632000813";INFOTEC;;;;2436;1;1;="60,0000000000";60;
1347959;;="";;;;;;"FER48";"CHAVE CANHÃO 13mm";137758;"PCM-9";"Ferramentas";"Ferramentas";1,00000;0,00000;1,00000;"EMB";20/03/2024;692006;un;1,00;SEM GTIN;18778042;;;5;1;"29884632000813";;;;;2445;1;1;="";;
1347960;;="";;;;;;"FER49";"ALICATE UNIVERSAL";137758;"PCM-9";"Ferramentas";"Ferramentas";1,00000;0,00000;1,00000;"EMB";20/03/2024;692006;un;1,00;SEM GTIN;18778043;;;6;1;"29884632000813";INFOTEC;;;;2512;1;1;="109,0000000000";109;
1347961;;="";;;;;;"FER50";"CHAVE TORK T25";137758;"PCM-9";"Ferramentas";"Ferramentas";1,00000;0,00000;1,00000;"EMB";20/03/2024;692006;un;1,00;SEM GTIN;18778044;;;5;1;"29884632000813";;;;;2445;1;1;="";;
1347963;;="";;;;;;"FER52";"CHAVE TORK T15";137758;"PCM-9";"Ferramentas";"Ferramentas";1,00000;0,00000;1,00000;"EMB";20/03/2024;692006;un;1,00;SEM GTIN;18778046;;;5;1;"29884632000813";;;;;2445;1;1;="";;
1347964;;="";;;;;;"FER53";"CHAVE TORK T20";137758;"PCM-9";"Ferramentas";"Ferramentas";1,00000;0,00000;1,00000;"EMB";20/03/2024;692006;un;1,00;SEM GTIN;18778047;;;5;1;"29884632000813";;;;;2445;1;1;="";;
1347965;;="";;;;;;"FER54";"ALICATE CRIMPAR CABO COAXIAL";137758;"PCM-9";"Ferramentas";"Ferramentas";2,00000;0,00000;2,00000;"EMB";20/03/2024;692006;un;1,00;SEM GTIN;18778048;;;25570;1;"29884632000813";;;;;2445;2;2;="";;
1347967;;="";;;;;;"FER56";"CHAVE BARGOA";137758;"PCM-9";"Ferramentas";"Ferramentas";2,00000;0,00000;2,00000;"EMB";20/03/2024;692006;un;1,00;SEM GTIN;18778050;;;5;1;"29884632000813";;;;;2445;2;2;="";;
1347968;;="";;;;;;"FER57";"ALICATE CORTA CABO 300mm²";137758;"PCM-9";"Ferramentas";"Ferramentas";1,00000;0,00000;1,00000;"EMB";20/03/2024;692006;un;1,00;SEM GTIN;18778051;;;18;1;"29884632000813";INFOTEC;;;;2517;1;1;="";;
1347970;;="";;;;;;"FER59";"ALICATE DE CORTE DIAGONAL TAM6";137758;"PCM-9";"Ferramentas";"Ferramentas";2,00000;0,00000;2,00000;"EMB";20/03/2024;692006;un;1,00;SEM GTIN;18778053;;;482449;3;"29884632000813";;;;;2445;2;2;="";;
1347972;;="";;;;;;"FER61";"CHAVE FENDA 3/16x4mm";137758;"PCM-9";"Ferramentas";"Ferramentas";1,00000;0,00000;1,00000;"EMB";20/03/2024;692006;un;1,00;SEM GTIN;18778055;;;1;1;"29884632000813";INFOTEC;;;;2421;1;1;="1,0000000000";1;
1347977;;="";;;;;;"FER66";"ALICATE REBITADOR";137758;"PCM-9";"Ferramentas";"Ferramentas";1,00000;0,00000;1,00000;"EMB";20/03/2024;692006;un;1,00;SEM GTIN;18778060;;;96;1;"29884632000813";;;;;2445;1;1;="";;
1347978;;="";;;;;;"FER67";"CHAVE PHILIPS 3/16x4mm";137758;"PCM-9";"Ferramentas";"Ferramentas";1,00000;0,00000;1,00000;"EMB";20/03/2024;692006;un;1,00;SEM GTIN;18778061;;;14;1;"29884632000813";;;;;2445;1;1;="";;
1347979;;="";;;;;;"FER68";"ALICATE CRIMPADOR RJ11, RJ12 E RJ45";137758;"PCM-9";"Ferramentas";"Ferramentas";1,00000;0,00000;1,00000;"EMB";20/03/2024;692006;un;1,00;SEM GTIN;18778062;;;5;1;"29884632000813";;;;;2445;1;1;="";;
1347980;;="";;;;;;"FER69";"CHAVE TORK T27 EM L";137758;"PCM-9";"Ferramentas";"Ferramentas";1,00000;0,00000;1,00000;"EMB";20/03/2024;692006;un;1,00;SEM GTIN;18778063;;;;3;"29884632000813";;;;;2445;1;1;="";;
1347981;;="";;;;;;"FER70";"JOGO DE CHAVE CATRACA SOQUETES ESTRIADOS 10mm a 32mm";137758;"PCM-9";"Ferramentas";"Ferramentas";1,00000;0,00000;1,00000;"EMB";20/03/2024;692006;un;1,00;SEM GTIN;18778064;;;436602;3;"29884632000813";;;;;2445;1;1;="";;
1347982;;="";;;;;;"FER71";"ALICATE PRENSA TERMINAL TUBULAR 6 - 16mm²";137758;"PCM-9";"Ferramentas";"Ferramentas";1,00000;0,00000;1,00000;"EMB";20/03/2024;692006;un;1,00;SEM GTIN;18778065;;;;1;"29884632000813";;;;;2445;1;1;="";;
1347985;;="";;;;;;"FER75";"DECAPADOR CABO COAXIAL";137758;"PCM-9";"Ferramentas";"Ferramentas";1,00000;0,00000;1,00000;"EMB";20/03/2024;692006;un;1,00;SEM GTIN;18778069;;;189547;1;"29884632000813";;;;;2445;1;1;="";;
1347986;;="";;;;;;"FER76";"LIMA REDONDA";137758;"PCM-9";"Ferramentas";"Ferramentas";1,00000;0,00000;1,00000;"EMB";20/03/2024;692006;un;1,00;SEM GTIN;18778070;;;5;1;"29884632000813";;;;;2445;1;1;="";;
1347988;;="";;;;;;"FER79";"ALICATE DE PRESSÃO 10`";137758;"PCM-9";"Ferramentas";"Ferramentas";2,00000;0,00000;2,00000;"EMB";20/03/2024;692006;un;1,00;SEM GTIN;18778073;;;659433;1;"29884632000813";;;;;2445;2;2;="";;
1347989;;="";;;;;;"FER80";"LIMA CHATA";137758;"PCM-9";"Ferramentas";"Ferramentas";1,00000;0,00000;1,00000;"EMB";20/03/2024;692006;un;1,00;SEM GTIN;18778074;;;436602;3;"29884632000813";;;;;2445;1;1;="";;
1347990;;="";;;;;;"FER81";"JOGO DE CHAVE DE BORNES 6 PÇS";137758;"PCM-9";"Ferramentas";"Ferramentas";1,00000;0,00000;1,00000;"EMB";20/03/2024;692006;un;1,00;SEM GTIN;18778075;;;;0;"29884632000813";;;;;2445;1;1;="";;
1347991;;="";;;;;;"FER82";"FERRO DE SOLDA 60W";137758;"PCM-9";"Ferramentas";"Ferramentas";1,00000;0,00000;1,00000;"EMB";20/03/2024;692006;un;1,00;SEM GTIN;18778076;;;;1;"29884632000813";;;;;2445;1;1;="";;
1347994;;="15410/23";24641;;;;3428649;"INS01";"ALICATE AMPERÍMETRO  ET-3367C";137758;"PCM-9";"Instrumentos";"Instrumentos";1,00000;0,00000;1,00000;"EMB";20/03/2024;692006;un;1,00;SEM GTIN;18778080;;;6242;1;"29884632000813";;;;;2445;1;1;="";;
1347995;;="";;;;;;"INS05";"BADISCO";137758;"PCM-9";"Instrumentos";"Instrumentos";1,00000;0,00000;1,00000;"EMB";20/03/2024;692006;un;1,00;SEM GTIN;18778084;;;000002387;1;"29884632000813";;;;;2445;1;1;="";;
1347999;;="";45108;;;;3070300876800;"INS10";"POWER METER TRIBRER BOU350T";137758;"PCM-9";"Instrumentos";"Instrumentos";1,00000;0,00000;1,00000;"EMB";20/03/2024;692006;un;1,00;SEM GTIN;18778089;;;;1;"29884632000813";;;;07/07/2032;2445;1;1;="";;
1348000;;="";;;;;;"INS11";"ETIQUETADORA METÁLICA";137758;"PCM-9";"Instrumentos";"Instrumentos";1,00000;0,00000;1,00000;"EMB";20/03/2024;692006;un;1,00;SEM GTIN;18778090;;;007117;1;"29884632000813";;;;;2445;1;1;="";;
1348002;;="";;;;;;"INS14";"GPS ETREX 10";137758;"PCM-9";"Instrumentos";"Instrumentos";1,00000;0,00000;1,00000;"EMB";20/03/2024;692006;un;1,00;SEM GTIN;18778093;;;201;1;"29884632000813";;;;;2445;1;1;="";;
1348003;;="";25107;;;;3119411;"INS15";"IDENTIFICADOR/LOCALIZADOR DE CABOS - COBRE";137758;"PCM-9";"Instrumentos";"Instrumentos";1,00000;0,00000;1,00000;"EMB";20/03/2024;692006;un;1,00;SEM GTIN;18778094;;;;1;"29884632000813";;;;;2445;1;1;="";;
1348012;;="";24714;;;"";2023033023111746;"INS28";"TESTADOR MULTIFUNCIONAL CFTV SECURE TEST IP R171000";137758;"PCM-9";"Instrumentos";"Instrumentos";1,00000;0,00000;1,00000;"EMB";20/03/2024;692006;un;1,00;SEM GTIN;18778107;;;6138;1;"29884632000813";;;;;2445;1;1;="";;
1348013;;="WBS.5019D.233704857.191987";46059;;;"WBS.5019D.233704857.191987";233704857;"INS29";"WIDEBAND (POWER SENSOR - DIGITAL) 5019D";137758;"PCM-9";"Instrumentos";"Instrumentos";1,00000;0,00000;1,00000;"EMB";20/03/2024;692006;un;1,00;SEM GTIN;18778108;;;7022;1;"29884632000813";;;;02/09/2026;2445;1;1;="";;
1348015;;="";25110;;;"";22380994;"INS33";"MULTIMEDIDOR DE REDE FLUKE MS2-100";137758;"PCM-9";"Instrumentos";"Instrumentos";1,00000;0,00000;1,00000;"EMB";20/03/2024;692006;un;1,00;SEM GTIN;18778112;;;;1;"29884632000813";;;;;2445;1;1;="";;
1349523;;="2600575";45160;;;"";231160043;"INS25";"TESTADOR DE CATV (ANALÓGICO)";137758;"PCM-9";"Instrumentos";"Instrumentos";1,00000;0,00000;1,00000;"EMB";20/03/2024;692006;un;1,00;SEM GTIN;18778104;;;5738;1;"29884632000813";;;;10/02/2028;2448;1;1;="";;
1352349;;="";;;;;2707746;"INS15";"IDENTIFICADOR/LOCALIZADOR DE CABOS - COBRE";137758;"PCM-9";"Instrumentos";"Instrumentos";1,00000;0,00000;1,00000;"EMB";20/03/2024;692006;un;1,00;SEM GTIN;18778094;;;;1;"29884632000813";;;;;2445;1;1;="";;
1353053;;="";45380;;;"";2318595;"INS06";"CALIBRADOR SITEMASTER";137758;"PCM-9";"Instrumentos";"Instrumentos";1,00000;0,00000;1,00000;"EMB";20/03/2024;692006;un;1,00;SEM GTIN;18778085;;;20073;4;"29884632000813";;;;;2448;1;1;="";;
1490767;;="2505315";46007;;;"";40500246WS;"INS23";"TERMÔMETRO INFRAVERMELHO";137758;"PCM-9";"Instrumentos";"Instrumentos";1,00000;0,00000;1,00000;"EMB";04/07/2024;692006;un;1,00;SEM GTIN;18778102;;;;1;"29884632000813";INFOTEC;;;04/11/2027;2426;1;1;="1,0000000000";1;
1884279;;="";;;;"";2147006;"INS06";"CALIBRADOR SITEMASTER";137758;"PCM-9";"Instrumentos";"Instrumentos";1,00000;0,00000;1,00000;"EMB";17/09/2024;692006;un;1,00;SEM GTIN;18778085;;;20074;4;"29884632000813";;;;;2448;1;1;="";;
1884393;;="12555/23";24644;;;"12555/23";98760067;"INS13";"FREQUENCÍMETRO";137758;"PCM-9";"Instrumentos";"Instrumentos";1,00000;0,00000;1,00000;"EMB";17/09/2024;692006;un;1,00;SEM GTIN;18778092;;;351107;1;"29884632000813";;;;02/06/2026;2445;1;1;="";;
1888193;;="";26443;;;"";;"INS36";"CAMERA FOTOGRAFICA NIKON COOLPIX L330";137758;"PCM-9";"Instrumentos";"Instrumentos";1,00000;0,00000;1,00000;"EMB";18/09/2024;692006;un;1,00;SEM GTIN;18778115;;;1;1;"29884632000813";INFOTEC;;;;2421;1;1;="1,0000000000";1;
2036567;;="2502729";45402;;;"";2415401;"INS08";"SITE MASTER S331P 4GHZ";137758;"PCM-9";"Instrumentos";"Instrumentos";1,00000;0,00000;1,00000;"EMB";12/11/2024;692006;un;1,00;SEM GTIN;18778087;;;19811;4;"29884632000813";;;;03/07/2026;2445;1;1;="";;
2346793;;="2500538";46183;;;"2500538";3853963;"INS19";"MEGOMETRO MI-2552";137758;"PCM-9";"Instrumentos";"Instrumentos";1,00000;0,00000;1,00000;"EMB";05/03/2025;692006;un;1,00;SEM GTIN;18778098;;;;1;"29884632000813";;;;10/02/2026;2445;1;1;="";;
2388696;;="2603283";46195;;;"";3774649;"INS19";"MEGOMETRO MI-2552";137758;"PCM-9";"Instrumentos";"Instrumentos";1,00000;0,00000;1,00000;"EMB";26/03/2025;692006;un;1,00;SEM GTIN;18778098;;;;1;"29884632000813";;;;07/04/2027;2445;1;1;="";;
2586137;;="";45792;;;"";25525;"INS07";"CARGA RESISTIVA 50ohms 100W";137758;"PCM-9";"Instrumentos";"Instrumentos";1,00000;0,00000;1,00000;"EMB";12/05/2025;692006;un;1,00;SEM GTIN;18778086;;;5928;1;"29884632000813";INFOTEC;;;;2519;1;1;="916,0000000000";916;
2689498;;="2505333";45018;;;"";233703129;"INS31";"WATTIMETRO ANALÓGICO E DIGITAL BIRD 43 PRO";137758;"PCM-9";"Instrumentos";"Instrumentos";1,00000;0,00000;1,00000;"EMB";27/05/2025;692006;un;1,00;SEM GTIN;18778110;;;5807;1;"29884632000813";;;;05/11/2026;2448;1;1;="";;
2694281;;="";45351;;;"";2318569;"INS06";"CALIBRADOR SITEMASTER";137758;"PCM-9";"Instrumentos";"Instrumentos";1,00000;0,00000;1,00000;"EMB";28/05/2025;692006;un;1,00;SEM GTIN;18778085;;;19811;4;"29884632000813";;;;;2445;1;1;="";;
2696633;;="2603968";46114;;;"";2349418;"INS40";"SITE MASTER S331P 6GHZ";137758;"PCM-9";"Instrumentos";"Instrumentos";1,00000;0,00000;1,00000;"EMB";29/05/2025;692006;UN;1,00;SEM GTIN;18845897;;;19915;4;"29884632000813";;;;12/05/2027;2448;2;2;="";;
2927500;;="24350";;;;"24350";61740598MV;"INS20";"MULTÍMETRO DIGITAL";137758;"PCM-9";"Instrumentos";"Instrumentos";1,00000;0,00000;1,00000;"EMB";22/07/2025;692006;un;1,00;SEM GTIN;18778099;;;;1;"29884632000813";;;;03/07/2025;2445;1;1;="";;
2927505;;="243/2024";45336;;;"243/2024";3000672035;"INS26";"TESTADOR DE CATV DIGITAL DS2460T";137758;"PCM-9";"Instrumentos";"Instrumentos";1,00000;0,00000;1,00000;"EMB";22/07/2025;692006;un;1,00;SEM GTIN;18778105;;;5669;1;"29884632000813";;;;07/04/2026;2448;1;1;="";;
3841009;;="";;;;;;"ESS03";"TALABARTE DE POSICIONAMENTO EM CORDA";137758;"PCM-9";"Essenciais";"Essenciais";1,00000;0,00000;1,00000;"EMB";16/10/2025;692006;un;1,00;SEM GTIN;18777988;;;1;1;"29884632000813";INFOTEC;;;;2421;1;1;="1,0000000000";1;
4596712;;="2503451";45522;;;"";61040729MV;"INS20";"MULTÍMETRO DIGITAL";137758;"PCM-9";"Instrumentos";"Instrumentos";1,00000;0,00000;1,00000;"EMB";28/01/2026;692006;un;1,00;SEM GTIN;18778099;;;000000166;1;"29884632000813";;;;08/08/2026;2445;1;1;="";;
5243952;;="2503985";24979;;;"";23G0104;"INS35";"IMPEDANCIMETRO GOLDLINE ZM1P";137758;"PCM-9";"Instrumentos";"Instrumentos";1,00000;0,00000;1,00000;"EMB";22/05/2026;692006;un;1,00;SEM GTIN;18778114;;;6348;1;"29884632000813";;;;12/05/2027;2445;1;1;="";;
5603624;;="";;;;;;"FER63";"ALICATE BICO TAM 6";137758;"PCM-9";"Ferramentas";"Ferramentas";1,00000;0,00000;1,00000;"EMB";10/09/2026;692006;un;1,00;SEM GTIN;18778057;;;19699;4;"29884632000813";;;;;2448;1;1;="";;
5603627;;="";;;;"";;"FER64";"ALICATE DE CORTE TAM 4";137758;"PCM-9";"Ferramentas";"Ferramentas";1,00000;0,00000;1,00000;"EMB";10/09/2026;692006;un;1,00;SEM GTIN;18778058;;;19699;4;"29884632000813";;;;;2448;1;1;="";;
5603644;;="";;;;"";;"FER135";"CHAVE DE BOCA ISOLADA 15";137758;"PCM-9";"Ferramentas";"Ferramentas";1,00000;0,00000;1,00000;"EMB";10/09/2026;692006;UN;1,00;SEM GTIN;18852662;;;0101;1;"29884632000813";INFOTEC;;;;2443;1;999;="1,0000000000";1;
5603645;;="";;;;"";;"FER136";"CHAVE DE BOCA ISOLADA 17";137758;"PCM-9";"Ferramentas";"Ferramentas";1,00000;0,00000;1,00000;"EMB";10/09/2026;692006;UN;1,00;SEM GTIN;18852663;;;0101;1;"29884632000813";INFOTEC;;;;2443;1;999;="1,0000000000";1;
5603648;;="";;;;"";;"FER78";"CHAVE DE FENDA 3/16x5mm";137758;"PCM-9";"Ferramentas";"Ferramentas";1,00000;0,00000;1,00000;"EMB";10/09/2026;692006;un;1,00;SEM GTIN;18778072;;;19699;4;"29884632000813";;;;;2448;1;1;="";;
5603650;;="";;;;"";;"FER47";"CHAVE DE FENDA ISOLADA 1/4x8mm";137758;"PCM-9";"Ferramentas";"Ferramentas";1,00000;0,00000;1,00000;"EMB";10/09/2026;692006;un;1,00;SEM GTIN;18778041;;;19699;4;"29884632000813";;;;;2448;1;1;="";;
5603651;;="";;;;"";;"FER04";"CHAVE DE FENDA ISOLADA 1/8x3mm";137758;"PCM-9";"Ferramentas";"Ferramentas";1,00000;0,00000;1,00000;"EMB";10/09/2026;692006;un;1,00;SEM GTIN;18777999;;;19699;4;"29884632000813";;;;;2448;1;1;="";;
5603654;;="";;;;"";;"FER86";"CHAVE DE FENDA ISOLADA 3/16x5";137758;"PCM-9";"Ferramentas";"Ferramentas";1,00000;0,00000;1,00000;"EMB";10/09/2026;692006;un;1,00;SEM GTIN;18778079;;;19699;4;"29884632000813";;;;;2448;1;1;="";;
5603658;;="";;;;"";;"FER07";"CHAVE FENDA SIMPLES 1/4x6mm";137758;"PCM-9";"Ferramentas";"Ferramentas";1,00000;0,00000;1,00000;"EMB";10/09/2026;692006;un;1,00;SEM GTIN;18778002;;;19699;4;"29884632000813";;;;;2448;1;1;="";;
5603667;;="";;;;"";;"FER90";"CHAVE FENDA SIMPLES 3/8x6mm";137758;"PCM-9";"Ferramentas";"Ferramentas";1,00000;0,00000;1,00000;"EMB";10/09/2026;692006;un;1,00;SEM GTIN;18779187;;;38185;1;"29884632000813";INFOTEC;;;;2424;0;0;="77,0000000000";77;
5603669;;="";;;;;;"FER87";"CHAVE FENDA SIMPLES 3/8x8mm";137758;"PCM-9";"Ferramentas";"Ferramentas";1,00000;0,00000;1,00000;"EMB";10/09/2026;692006;un;1,00;SEM GTIN;18779184;;;38185;1;"29884632000813";INFOTEC;;;;2424;0;0;="39,0000000000";39;
5603674;;="";;;;"";;"FER138";"CHAVE PUNCH DOWM";137758;"PCM-9";"Ferramentas";"Ferramentas";1,00000;0,00000;1,00000;"EMB";10/09/2026;692006;UN;1,00;SEM GTIN;18852665;;;0101;1;"29884632000813";INFOTEC;;;;2443;999;999;="1,0000000000";1;
5603676;;="";;;;"";;"FER144";"ETIQUETADORA BROTHER P-80";137758;"PCM-9";"Ferramentas";"Ferramentas";1,00000;0,00000;1,00000;"EMB";10/09/2026;692006;UN;1,00;SEM GTIN;18852671;;;0101;1;"29884632000813";INFOTEC;;;;2443;999;999;="1,0000000000";1;
5603679;;="";;;;;;"FER84";"JOGO DE CHAVE COMBINADA 6 À 22mm";137758;"PCM-9";"Ferramentas";"Ferramentas";1,00000;0,00000;1,00000;"EMB";10/09/2026;692006;un;1,00;SEM GTIN;18778078;;;19699;4;"29884632000813";;;;;2448;1;1;="";;
5603695;;="";;;;;;"FER85";"LANTERNA DE CABEÇA LED";137758;"PCM-9";"Ferramentas";"Ferramentas";1,00000;0,00000;1,00000;"EMB";10/09/2026;692006;un;1,00;SEM GTIN;19020551;;;24739;1;"26064434000149";A.C COSTA COMERCIO ATACADISTA LTDA;;;;2551;1;1;="21,9000000000";21,9;
5603697;;="";;;;"";;"FER143";"PENDRIVE 64 GB SANDISK";137758;"PCM-9";"Ferramentas";"Ferramentas";1,00000;0,00000;1,00000;"EMB";10/09/2026;692006;UN;1,00;SEM GTIN;18852670;;;19;1;"29884632000813";INFOTEC;;;;2517;1;1;="43,0000000000";43;
